-0.297000020742
-0.273000001907
-0.28100001812
-0.270000010729
-0.28100001812
-0.287000000477
-0.272000014782
-0.285000026226
-0.304000020027
-0.28900000453
-0.293999999762
-0.288000017405
-0.28100001812
-0.288000017405
-0.301000028849
-0.282000005245
-0.283000022173
-0.300000011921
-0.296000003815
-0.287000000477
-0.282000005245
-0.276000022888
-0.283000022173
-0.27500000596
-0.26700001955
-0.286000013351
-0.280000001192
-0.290000021458
-0.309000015259
-0.298000007868
-0.278000026941
-0.303000003099
-0.290000021458
-0.300000011921
